=== /proc/schedstat head ===
version 17
timestamp 4295101254
cpu0 0 0 0 0 0 0 4188363156 182611962 37670
domain0 SMT 000003 0 0 0 0 0 0 0 0 0 0 0 0 0 0 0 0 0 0 0 0 0 0 0 0 0 0 0 0 0 0 0 0 0 0 0 0 0 0 0 0 0 0 0 0 0
domain1 MC ffffff 0 0 0 0 0 0 0 0 0 0 0 0 0 0 0 0 0 0 0 0 0 0 0 0 0 0 0 0 0 0 0 0 0 0 0 0 0 0 0 0 0 0 0 0 0
cpu1 0 0 0 0 0 0 984711287 112806533 10274
domain0 SMT 000003 0 0 0 0 0 0 0 0 0 0 0 0 0 0 0 0 0 0 0 0 0 0 0 0 0 0 0 0 0 0 0 0 0 0 0 0 0 0 0 0 0 0 0 0 0
domain1 MC ffffff 0 0 0 0 0 0 0 0 0 0 0 0 0 0 0 0 0 0 0 0 0 0 0 0 0 0 0 0 0 0 0 0 0 0 0 0 0 0 0 0 0 0 0 0 0
cpu2 0 0 0 0 0 0 10081603884 224924614 66819
domain0 SMT 00000c 0 0 0 0 0 0 0 0 0 0 0 0 0 0 0 0 0 0 0 0 0 0 0 0 0 0 0 0 0 0 0 0 0 0 0 0 0 0 0 0 0 0 0 0 0
domain1 MC ffffff 0 0 0 0 0 0 0 0 0 0 0 0 0 0 0 0 0 0 0 0 0 0 0 0 0 0 0 0 0 0 0 0 0 0 0 0 0 0 0 0 0 0 0 0 0
cpu3 0 0 0 0 0 0 1109902761 78660600 15681
domain0 SMT 00000c 0 0 0 0 0 0 0 0 0 0 0 0 0 0 0 0 0 0 0 0 0 0 0 0 0 0 0 0 0 0 0 0 0 0 0 0 0 0 0 0 0 0 0 0 0
domain1 MC ffffff 0 0 0 0 0 0 0 0 0 0 0 0 0 0 0 0 0 0 0 0 0 0 0 0 0 0 0 0 0 0 0 0 0 0 0 0 0 0 0 0 0 0 0 0 0
cpu4 0 0 0 0 0 0 9450458653 262294833 72746
domain0 SMT 000030 0 0 0 0 0 0 0 0 0 0 0 0 0 0 0 0 0 0 0 0 0 0 0 0 0 0 0 0 0 0 0 0 0 0 0 0 0 0 0 0 0 0 0 0 0
domain1 MC ffffff 0 0 0 0 0 0 0 0 0 0 0 0 0 0 0 0 0 0 0 0 0 0 0 0 0 0 0 0 0 0 0 0 0 0 0 0 0 0 0 0 0 0 0 0 0
cpu5 0 0 0 0 0 0 1141202869 90935104 11401
domain0 SMT 000030 0 0 0 0 0 0 0 0 0 0 0 0 0 0 0 0 0 0 0 0 0 0 0 0 0 0 0 0 0 0 0 0 0 0 0 0 0 0 0 0 0 0 0 0 0
domain1 MC ffffff 0 0 0 0 0 0 0 0 0 0 0 0 0 0 0 0 0 0 0 0 0 0 0 0 0 0 0 0 0 0 0 0 0 0 0 0 0 0 0 0 0 0 0 0 0
=== vmstat 1 3 ===
procs -----------memory---------- ---swap-- -----io---- -system-- -------cpu-------
 r  b   swpd   free   buff  cache   si   so    bi    bo   in   cs us sy id wa st gu
 1  0      0 10582460 74520 2468456  0    0  1297  1123 2713    1  1  0 99  0  0  0
 0  0      0 10582072 74528 2468916  0    0     0   168 1196 1008  1  0 99  0  0  0
 0  0      0 10585364 74528 2469916  0    0     0     0 1723 1693  1  0 99  0  0  0
=== /proc/stat ctxt/procs ===
ctxt 2429331
processes 36781
procs_running 2
procs_blocked 0
=== loadavg ===
0.36 0.43 0.27 2/1308 36759
=== sched_ext ===
disabled
=== mpstat if any ===
Linux 7.0.12+kali-amd64 (kali) 	14/08/26 	_x86_64_	(24 CPU)

09:32:14     CPU    %usr   %nice    %sys %iowait    %irq   %soft  %steal  %guest  %gnice   %idle
09:32:15     all    0.88    0.00    0.04    0.00    0.00    0.04    0.00    0.00    0.00   99.04
09:32:16     all    0.71    0.00    0.17    0.00    0.00    0.04    0.00    0.00    0.00   99.08
Average:     all    0.79    0.00    0.10    0.00    0.00    0.04    0.00    0.00    0.00   99.06
